xof 0303txt 0032


template VertexDuplicationIndices { 
 <b8d65549-d7c9-4995-89cf-53a9a8b031e3>
 DWORD nIndices;
 DWORD nOriginalVertices;
 array DWORD indices[nIndices];
}
template XSkinMeshHeader {
 <3cf169ce-ff7c-44ab-93c0-f78f62d172e2>
 WORD nMaxSkinWeightsPerVertex;
 WORD nMaxSkinWeightsPerFace;
 WORD nBones;
}
template SkinWeights {
 <6f0d123b-bad2-4167-a0d0-80224f25fabb>
 STRING transformNodeName;
 DWORD nWeights;
 array DWORD vertexIndices[nWeights];
 array float weights[nWeights];
 Matrix4x4 matrixOffset;
}

Frame RootFrame {

  FrameTransformMatrix {
    1.000000,0.000000,0.000000,0.000000,
    0.000000,1.000000,0.000000,0.000000,
    0.000000,0.000000,-1.000000,0.000000,
    0.000000,0.000000,0.000000,1.000000;;
  }
    Frame Bone {

      FrameTransformMatrix {
        1.000000,0.000000,0.000000,0.000000,
        0.000000,-0.067000,0.997800,0.000000,
        0.000000,-0.997800,-0.067000,0.000000,
        -0.000000,-0.234000,0.306600,1.000000;;
      }
      Frame Bone_001 {

        FrameTransformMatrix {
          -1.000000,0.000000,0.000000,0.000000,
          0.000000,0.994300,-0.106600,0.000000,
          -0.000000,-0.106600,-0.994300,0.000000,
          0.000000,0.695000,-0.000000,1.000000;;
        }
        Frame Bone_002 {

          FrameTransformMatrix {
            0.999900,-0.010500,0.008200,0.000000,
            0.010000,0.998600,0.051500,0.000000,
            -0.008700,-0.051400,0.998600,0.000000,
            -0.000000,1.055200,0.000000,1.000000;;
          }
          Frame Bone_003 {

            FrameTransformMatrix {
              0.999900,0.010000,-0.008700,0.000000,
              -0.009800,0.999700,0.022400,0.000000,
              0.008900,-0.022300,0.999700,0.000000,
              -0.000000,0.748500,-0.000000,1.000000;;
            }
            Frame Bone_004 {

              FrameTransformMatrix {
                0.999800,0.010000,0.018600,0.000000,
                -0.008900,0.998200,-0.059800,0.000000,
                -0.019100,0.059600,0.998000,0.000000,
                -0.000000,0.601800,0.000000,1.000000;;
              }
              Frame Bone_005 {

                FrameTransformMatrix {
                  0.999700,-0.015900,-0.016200,0.000000,
                  0.008400,0.922800,-0.385100,0.000000,
                  0.021100,0.384900,0.922700,0.000000,
                  0.000000,1.298200,-0.000000,1.000000;;
                }
                Frame Bone_006 {

                  FrameTransformMatrix {
                    1.000000,0.007500,0.000000,0.000000,
                    -0.007400,0.984400,0.175700,0.000000,
                    0.001300,-0.175700,0.984400,0.000000,
                    0.000000,0.532800,-0.000000,1.000000;;
                  }
                }
              }
              Frame Bone_012 {

                FrameTransformMatrix {
                  -0.033500,-0.410300,-0.911300,0.000000,
                  -0.932200,-0.316100,0.176600,0.000000,
                  -0.360500,0.855400,-0.371900,0.000000,
                  0.000000,1.298200,-0.000000,1.000000;;
                }
                Frame Bone_013 {

                  FrameTransformMatrix {
                    0.972900,-0.098900,0.208800,0.000000,
                    0.049500,0.972000,0.229700,0.000000,
                    -0.225700,-0.213100,0.950600,0.000000,
                    -0.000000,1.051200,-0.000000,1.000000;;
                  }
                  Frame Bone_014 {

                    FrameTransformMatrix {
                      0.990200,-0.061000,0.125300,0.000000,
                      0.040300,0.986000,0.161700,0.000000,
                      -0.133400,-0.155100,0.978800,0.000000,
                      -0.000000,1.193000,0.000000,1.000000;;
                    }
                    Frame Bone_015 {

                      FrameTransformMatrix {
                        0.874500,0.485000,-0.003800,0.000000,
                        -0.484000,0.873200,0.057000,0.000000,
                        0.031000,-0.048000,0.998400,0.000000,
                        -0.000000,1.676500,0.000000,1.000000;;
                      }
                      Frame Bone_031 {

                        FrameTransformMatrix {
                          0.999100,-0.042600,0.003000,0.000000,
                          0.042300,0.977500,-0.206600,0.000000,
                          0.005800,0.206500,0.978400,0.000000,
                          -0.000000,0.434000,0.000000,1.000000;;
                        }
                        Frame Bone_032 {

                          FrameTransformMatrix {
                            0.996200,-0.086000,-0.011900,0.000000,
                            0.080600,0.966700,-0.243000,0.000000,
                            0.032400,0.241100,0.970000,0.000000,
                            -0.000000,0.155600,0.000000,1.000000;;
                          }
                          Frame Bone_033 {

                            FrameTransformMatrix {
                              0.999300,-0.035100,-0.014100,0.000000,
                              0.034100,0.997100,-0.067300,0.000000,
                              0.016400,0.066800,0.997600,0.000000,
                              -0.000000,0.133500,-0.000000,1.000000;;
                            }
                          }
                        }
                      }
                    }
                    Frame Bone_016 {

                      FrameTransformMatrix {
                        0.972400,0.233500,0.000100,0.000000,
                        -0.231900,0.965900,0.115200,0.000000,
                        0.026800,-0.112100,0.993300,0.000000,
                        -0.000000,1.676500,0.000000,1.000000;;
                      }
                      Frame Bone_028 {

                        FrameTransformMatrix {
                          1.000000,-0.005100,0.000700,0.000000,
                          0.005100,0.981200,-0.193100,0.000000,
                          0.000300,0.193100,0.981200,0.000000,
                          -0.000000,0.437800,-0.000000,1.000000;;
                        }
                        Frame Bone_029 {

                          FrameTransformMatrix {
                            0.999300,-0.037000,-0.002400,0.000000,
                            0.035500,0.972000,-0.232100,0.000000,
                            0.010900,0.231900,0.972700,0.000000,
                            0.000000,0.204100,-0.000000,1.000000;;
                          }
                          Frame Bone_030 {

                            FrameTransformMatrix {
                              0.995500,-0.090500,-0.027800,0.000000,
                              0.081500,0.968800,-0.234100,0.000000,
                              0.048100,0.230800,0.971800,0.000000,
                              0.000000,0.160000,-0.000000,1.000000;;
                            }
                          }
                        }
                      }
                    }
                    Frame Bone_017 {

                      FrameTransformMatrix {
                        0.999700,-0.024700,0.003900,0.000000,
                        0.023800,0.987800,0.153700,0.000000,
                        -0.007600,-0.153600,0.988100,0.000000,
                        -0.000000,1.676500,0.000000,1.000000;;
                      }
                      Frame Bone_025 {

                        FrameTransformMatrix {
                          0.999900,-0.016000,0.002700,0.000000,
                          0.016100,0.964200,-0.264800,0.000000,
                          0.001600,0.264800,0.964300,0.000000,
                          0.000000,0.453500,-0.000000,1.000000;;
                        }
                        Frame Bone_026 {

                          FrameTransformMatrix {
                            1.000000,0.006900,0.000700,0.000000,
                            -0.006600,0.975400,-0.220400,0.000000,
                            -0.002200,0.220400,0.975400,0.000000,
                            0.000000,0.236500,-0.000000,1.000000;;
                          }
                          Frame Bone_027 {

                            FrameTransformMatrix {
                              0.999800,-0.020900,-0.007000,0.000000,
                              0.018300,0.962900,-0.269400,0.000000,
                              0.012400,0.269200,0.963000,0.000000,
                              0.000000,0.153800,-0.000000,1.000000;;
                            }
                          }
                        }
                      }
                    }
                    Frame Bone_018 {

                      FrameTransformMatrix {
                        0.960800,-0.277200,0.007300,0.000000,
                        0.272500,0.948700,0.160100,0.000000,
                        -0.051300,-0.151900,0.987100,0.000000,
                        -0.000000,1.676500,0.000000,1.000000;;
                      }
                      Frame Bone_022 {

                        FrameTransformMatrix {
                          0.999000,-0.044700,0.007800,0.000000,
                          0.045200,0.959500,-0.278200,0.000000,
                          0.004900,0.278300,0.960500,0.000000,
                          -0.000000,0.440400,0.000000,1.000000;;
                        }
                        Frame Bone_023 {

                          FrameTransformMatrix {
                            0.998100,0.061000,0.006700,0.000000,
                            -0.057500,0.967500,-0.246200,0.000000,
                            -0.021500,0.245400,0.969200,0.000000,
                            0.000000,0.216900,-0.000000,1.000000;;
                          }
                          Frame Bone_024 {

                            FrameTransformMatrix {
                              0.998900,0.043200,0.016100,0.000000,
                              -0.041300,0.993600,-0.104700,0.000000,
                              -0.020500,0.104000,0.994400,0.000000,
                              -0.000000,0.159800,0.000000,1.000000;;
                            }
                          }
                        }
                      }
                    }
                    Frame Bone_019 {

                      FrameTransformMatrix {
                        0.659900,-0.751200,0.013000,0.000000,
                        0.751300,0.659900,-0.006700,0.000000,
                        -0.003500,0.014200,0.999900,0.000000,
                        -0.000000,1.676500,0.000000,1.000000;;
                      }
                      Frame Bone_020 {

                        FrameTransformMatrix {
                          0.887000,0.461800,-0.000000,0.000000,
                          -0.460800,0.885200,-0.064500,0.000000,
                          -0.029800,0.057200,0.997900,0.000000,
                          -0.000000,0.401400,-0.000000,1.000000;;
                        }
                        Frame Bone_021 {

                          FrameTransformMatrix {
                            0.999000,0.044600,0.002900,0.000000,
                            -0.044500,0.990000,0.133800,0.000000,
                            0.003100,-0.133800,0.991000,0.000000,
                            -0.000000,0.179200,-0.000000,1.000000;;
                          }
                        }
                      }
                    }
                  }
                }
              }
              Frame Bone_039 {

                FrameTransformMatrix {
                  -0.033500,-0.468000,-0.883100,0.000000,
                  0.932500,-0.332700,0.140900,0.000000,
                  -0.359700,-0.818800,0.447500,0.000000,
                  0.000000,1.298200,-0.000000,1.000000;;
                }
                Frame Bone_040 {

                  FrameTransformMatrix {
                    0.934500,-0.113000,-0.337400,0.000000,
                    0.033600,0.972000,-0.232500,0.000000,
                    0.354200,0.206000,0.912200,0.000000,
                    -0.000000,1.051200,-0.000000,1.000000;;
                  }
                  Frame Bone_041 {

                    FrameTransformMatrix {
                      -0.791600,0.136800,0.595500,0.000000,
                      0.051100,0.986000,-0.158600,0.000000,
                      -0.608900,-0.095200,-0.787500,0.000000,
                      -0.000000,1.193000,-0.000000,1.000000;;
                    }
                    Frame Bone_042 {

                      FrameTransformMatrix {
                        0.532500,-0.478900,0.698000,0.000000,
                        0.371000,0.873200,0.316000,0.000000,
                        -0.760800,0.090700,0.642600,0.000000,
                        0.000000,1.676500,0.000000,1.000000;;
                      }
                      Frame Bone_058 {

                        FrameTransformMatrix {
                          0.638400,-0.081300,-0.765400,0.000000,
                          -0.098800,0.977500,-0.186300,0.000000,
                          0.763300,0.194600,0.616000,0.000000,
                          0.000000,0.434000,-0.000000,1.000000;;
                        }
                        Frame Bone_059 {

                          FrameTransformMatrix {
                            0.501000,-0.247700,-0.829200,0.000000,
                            0.070500,0.966700,-0.246100,0.000000,
                            0.862600,0.064800,0.501800,0.000000,
                            -0.000000,0.155600,0.000000,1.000000;;
                          }
                          Frame Bone_060 {

                            FrameTransformMatrix {
                              0.963900,-0.074900,-0.255500,0.000000,
                              0.070000,0.997100,-0.028200,0.000000,
                              0.256900,0.009300,0.966400,0.000000,
                              -0.000000,0.133500,-0.000000,1.000000;;
                            }
                          }
                        }
                      }
                    }
                    Frame Bone_043 {

                      FrameTransformMatrix {
                        -0.237500,-0.189800,0.952700,0.000000,
                        0.129000,0.965900,0.224600,0.000000,
                        -0.962800,0.176200,-0.204900,0.000000,
                        0.000000,1.676500,0.000000,1.000000;;
                      }
                      Frame Bone_055 {

                        FrameTransformMatrix {
                          -0.277600,-0.115500,-0.953700,0.000000,
                          -0.181500,0.981200,-0.066000,0.000000,
                          0.943400,0.154800,-0.293300,0.000000,
                          -0.000000,0.437800,-0.000000,1.000000;;
                        }
                        Frame Bone_056 {

                          FrameTransformMatrix {
                            0.018300,-0.207800,-0.978000,0.000000,
                            0.115800,0.972000,-0.204300,0.000000,
                            0.993100,-0.109500,0.041800,0.000000,
                            -0.000000,0.204100,0.000000,1.000000;;
                          }
                          Frame Bone_057 {

                            FrameTransformMatrix {
                              0.756400,-0.134700,-0.640100,0.000000,
                              0.236200,0.968800,0.075200,0.000000,
                              0.610000,-0.208100,0.764600,0.000000,
                              0.000000,0.160000,-0.000000,1.000000;;
                            }
                          }
                        }
                      }
                    }
                    Frame Bone_044 {

                      FrameTransformMatrix {
                        -0.178100,0.094700,-0.979400,0.000000,
                        -0.105100,0.987800,0.114700,0.000000,
                        0.978400,0.123400,-0.166000,0.000000,
                        0.000000,1.676500,0.000000,1.000000;;
                      }
                      Frame Bone_052 {

                        FrameTransformMatrix {
                          -0.617100,0.261200,-0.742300,0.000000,
                          0.203600,0.964200,0.170000,0.000000,
                          0.760100,-0.046200,-0.648200,0.000000,
                          -0.000000,0.453500,-0.000000,1.000000;;
                        }
                        Frame Bone_053 {

                          FrameTransformMatrix {
                            0.569700,0.112700,0.814100,0.000000,
                            -0.219700,0.975400,0.018700,0.000000,
                            -0.791900,-0.189500,0.580500,0.000000,
                            0.000000,0.236500,-0.000000,1.000000;;
                          }
                          Frame Bone_054 {

                            FrameTransformMatrix {
                              0.984600,0.077000,0.157200,0.000000,
                              -0.114400,0.962900,0.244600,0.000000,
                              -0.132600,-0.258800,0.956800,0.000000,
                              -0.000000,0.153800,-0.000000,1.000000;;
                            }
                          }
                        }
                      }
                    }
                    Frame Bone_045 {

                      FrameTransformMatrix {
                        0.882400,0.286400,-0.373400,0.000000,
                        -0.315500,0.948700,-0.018000,0.000000,
                        0.349100,0.133700,0.927500,0.000000,
                        0.000000,1.676500,0.000000,1.000000;;
                      }
                      Frame Bone_049 {

                        FrameTransformMatrix {
                          0.113000,0.181300,0.976900,0.000000,
                          0.197600,0.959500,-0.200900,0.000000,
                          -0.973700,0.215800,0.072600,0.000000,
                          -0.000000,0.440400,0.000000,1.000000;;
                        }
                        Frame Bone_050 {

                          FrameTransformMatrix {
                            0.446800,0.249500,0.859200,0.000000,
                            -0.077100,0.967500,-0.240800,0.000000,
                            -0.891300,0.041300,0.451500,0.000000,
                            -0.000000,0.216900,0.000000,1.000000;;
                          }
                          Frame Bone_051 {

                            FrameTransformMatrix {
                              0.924700,0.112200,0.363900,0.000000,
                              -0.107700,0.993600,-0.032800,0.000000,
                              -0.365200,-0.008900,0.930900,0.000000,
                              0.000000,0.159800,0.000000,1.000000;;
                            }
                          }
                        }
                      }
                    }
                    Frame Bone_046 {

                      FrameTransformMatrix {
                        0.556200,0.751200,0.355400,0.000000,
                        -0.621300,0.659900,-0.422500,0.000000,
                        -0.552000,0.014200,0.833700,0.000000,
                        0.000000,1.676500,0.000000,1.000000;;
                      }
                      Frame Bone_047 {

                        FrameTransformMatrix {
                          0.873500,-0.465300,-0.143300,0.000000,
                          0.460800,0.885100,-0.065200,0.000000,
                          0.157200,-0.009100,0.987500,0.000000,
                          -0.000000,0.401400,0.000000,1.000000;;
                        }
                        Frame Bone_048 {

                          FrameTransformMatrix {
                            0.968300,-0.058500,0.242900,0.000000,
                            0.024700,0.989800,0.140100,0.000000,
                            -0.248600,-0.129700,0.959900,0.000000,
                            0.000000,0.179200,-0.000000,1.000000;;
                          }
                        }
                      }
                    }
                  }
                }
              }
            }
          }
        }
        Frame Bone_007 {

          FrameTransformMatrix {
            0.358100,-0.574600,-0.735900,0.000000,
            -0.835700,-0.548700,0.021800,0.000000,
            -0.416400,0.607200,-0.676700,0.000000,
            -0.000000,1.055200,0.000000,1.000000;;
          }
          Frame Bone_008 {

            FrameTransformMatrix {
              0.380300,-0.811200,-0.444300,0.000000,
              0.509700,0.584600,-0.631200,0.000000,
              0.771800,0.013600,0.635800,0.000000,
              -0.000000,0.588500,-0.000000,1.000000;;
            }
            Frame Bone_009 {

              FrameTransformMatrix {
                0.993300,0.114100,-0.015300,0.000000,
                -0.115100,0.987300,-0.109100,0.000000,
                0.002600,0.110200,0.993900,0.000000,
                0.000000,2.445200,-0.000000,1.000000;;
              }
              Frame Bone_010 {

                FrameTransformMatrix {
                  0.990500,-0.113200,0.077600,0.000000,
                  -0.044600,0.268600,0.962200,0.000000,
                  -0.129800,-0.956600,0.261000,0.000000,
                  -0.000000,2.618200,-0.000000,1.000000;;
                }
                Frame Bone_011 {

                  FrameTransformMatrix {
                    0.999700,0.006500,0.024700,0.000000,
                    -0.012200,0.971900,0.234900,0.000000,
                    -0.022500,-0.235100,0.971700,0.000000,
                    0.000000,0.742900,0.000000,1.000000;;
                  }
                }
              }
            }
          }
        }
        Frame Bone_034 {

          FrameTransformMatrix {
            0.358100,0.514400,-0.779200,0.000000,
            0.835700,-0.548700,0.021800,0.000000,
            -0.416400,-0.659000,-0.626400,0.000000,
            -0.000000,1.055200,0.000000,1.000000;;
          }
          Frame Bone_035 {

            FrameTransformMatrix {
              0.440700,0.815900,-0.374400,0.000000,
              -0.558300,0.575700,0.597400,0.000000,
              0.702900,-0.054200,0.709200,0.000000,
              0.000000,0.588500,-0.000000,1.000000;;
            }
            Frame Bone_036 {

              FrameTransformMatrix {
                0.992000,-0.103700,-0.072100,0.000000,
                0.093900,0.987300,-0.127800,0.000000,
                0.084400,0.120000,0.989200,0.000000,
                -0.000000,2.445200,-0.000000,1.000000;;
              }
              Frame Bone_037 {

                FrameTransformMatrix {
                  0.989900,0.117900,-0.078800,0.000000,
                  0.044600,0.268600,0.962200,0.000000,
                  0.134600,-0.956000,0.260600,0.000000,
                  0.000000,2.618200,0.000000,1.000000;;
                }
                Frame Bone_038 {

                  FrameTransformMatrix {
                    0.999800,-0.007000,-0.017900,0.000000,
                    0.011000,0.971900,0.234900,0.000000,
                    0.015700,-0.235100,0.971800,0.000000,
                    0.000000,0.742900,-0.000000,1.000000;;
                  }
                }
              }
            }
          }
        }
      }
  }  // End of the Bone Bone 
      Frame Stacy_lowmesh {

        FrameTransformMatrix {
          1.000000,0.000000,0.000000,0.000000,
          0.000000,1.000000,0.000000,0.000000,
          0.000000,0.000000,1.000000,0.000000,
          0.000000,0.000000,-3.721200,1.000000;;
        }
Mesh {
9806;
0.102700; -0.724600; 5.533200;,
0.100500; -0.712200; 5.527200;,
0.128200; -0.715400; 5.541800;,
0.127700; -0.730400; 5.548100;,
-0.128200; -0.715400; 5.541800;,
-0.100500; -0.712200; 5.527200;,
-0.102700; -0.724600; 5.533200;,
-0.127700; -0.730400; 5.548100;,
0.183700; -0.709200; 5.553000;,
0.190400; -0.721700; 5.564200;,
0.127700; -0.730400; 5.548100;,
0.128200; -0.715400; 5.541800;,
-0.127700; -0.730400; 5.548100;,
-0.190400; -0.721800; 5.564100;,
-0.183700; -0.709200; 5.553000;,
-0.128200; -0.715400; 5.541800;,
0.242900; -0.672400; 5.545100;,
0.260500; -0.681300; 5.558900;,
0.190400; -0.721700; 5.564200;,
0.183700; -0.709200; 5.553000;,
-0.190400; -0.721800; 5.564100;,
-0.260900; -0.681400; 5.557800;,
-0.242800; -0.672400; 5.544700;,
-0.183700; -0.709200; 5.553000;,
0.272900; -0.635600; 5.526200;,
0.287100; -0.647100; 5.538200;,
0.260500; -0.681300; 5.558900;,
0.242900; -0.672400; 5.545100;,
-0.260900; -0.681400; 5.557800;,
-0.287300; -0.646500; 5.538500;,
-0.273200; -0.635200; 5.526700;,
-0.242800; -0.672400; 5.544700;,
0.124900; -0.697700; 5.543200;,
0.128200; -0.715400; 5.541800;,
0.100500; -0.712200; 5.527200;,
0.104800; -0.696900; 5.524600;,
-0.100500; -0.712200; 5.527200;,
-0.128200; -0.715400; 5.541800;,
-0.124900; -0.697700; 5.543200;,
-0.104800; -0.696900; 5.524700;,
0.175900; -0.689100; 5.553800;,
0.183700; -0.709200; 5.553000;,
0.128200; -0.715400; 5.541800;,
0.124900; -0.697700; 5.543200;,
-0.128200; -0.715400; 5.541800;,
-0.183700; -0.709200; 5.553000;,
-0.175900; -0.689100; 5.553800;,
-0.124900; -0.697700; 5.543200;,
0.225300; -0.656900; 5.542100;,
0.242900; -0.672400; 5.545100;,
0.183700; -0.709200; 5.553000;,
0.175900; -0.689100; 5.553800;,
-0.183700; -0.709200; 5.553000;,
-0.242800; -0.672400; 5.544700;,
-0.225200; -0.657000; 5.542000;,
-0.175900; -0.689100; 5.553800;,
0.243300; -0.635800; 5.520900;,
0.272900; -0.635600; 5.526200;,
0.242900; -0.672400; 5.545100;,
0.225300; -0.656900; 5.542100;,
-0.242800; -0.672400; 5.544700;,
-0.273200; -0.635200; 5.526700;,
-0.243300; -0.635800; 5.520900;,
-0.225200; -0.657000; 5.542000;,
0.124700; -0.707800; 5.501200;,
0.097900; -0.706100; 5.520500;,
0.096700; -0.712600; 5.511700;,
0.120000; -0.716400; 5.492400;,
-0.096700; -0.712600; 5.511700;,
-0.097900; -0.706100; 5.520500;,
-0.124700; -0.707800; 5.501200;,
-0.120000; -0.716400; 5.492400;,
0.124000; -0.695300; 5.504300;,
0.104800; -0.696900; 5.524600;,
0.097900; -0.706100; 5.520500;,
0.124700; -0.707800; 5.501200;,
-0.097900; -0.706100; 5.520500;,
-0.104800; -0.696900; 5.524700;,
-0.123900; -0.695300; 5.504400;,
-0.124700; -0.707800; 5.501200;,
0.178100; -0.698000; 5.493400;,
0.124700; -0.707800; 5.501200;,
0.120000; -0.716400; 5.492400;,
0.180100; -0.707200; 5.481900;,
-0.120000; -0.716400; 5.492400;,
-0.124700; -0.707800; 5.501200;,
-0.178100; -0.698000; 5.493400;,
-0.180100; -0.707200; 5.481900;,
0.173700; -0.685200; 5.495900;,
0.124000; -0.695300; 5.504300;,
0.124700; -0.707800; 5.501200;,
0.178100; -0.698000; 5.493400;,
-0.124700; -0.707800; 5.501200;,
-0.123900; -0.695300; 5.504400;,
-0.173600; -0.685300; 5.495900;,
-0.178100; -0.698000; 5.493400;,
0.234700; -0.664600; 5.501500;,
0.178100; -0.698000; 5.493400;,
0.180100; -0.707200; 5.481900;,
0.248000; -0.669900; 5.491000;,
-0.180100; -0.707200; 5.481900;,
-0.178100; -0.698000; 5.493400;,
-0.234700; -0.664600; 5.501500;,
-0.248000; -0.669900; 5.491000;,
0.224900; -0.653200; 5.503400;,
0.173700; -0.685200; 5.495900;,
0.178100; -0.698000; 5.493400;,
0.234700; -0.664600; 5.501500;,
-0.178100; -0.698000; 5.493400;,
-0.173600; -0.685300; 5.495900;,
-0.224800; -0.653200; 5.503300;,
-0.234700; -0.664600; 5.501500;,
0.263500; -0.635400; 5.516300;,
0.234700; -0.664600; 5.501500;,
0.248000; -0.669900; 5.491000;,
0.275400; -0.640300; 5.507500;,
-0.248000; -0.669900; 5.491000;,
-0.234700; -0.664600; 5.501500;,
-0.263500; -0.635400; 5.516400;,
-0.275400; -0.640300; 5.507500;,
0.243300; -0.635800; 5.520900;,
0.224900; -0.653200; 5.503400;,
0.234700; -0.664600; 5.501500;,
0.263500; -0.635400; 5.516300;,
-0.234700; -0.664600; 5.501500;,
-0.224800; -0.653200; 5.503300;,
-0.243300; -0.635800; 5.520900;,
-0.263500; -0.635400; 5.516400;,
0.222800; -0.654400; 5.522300;,
0.239100; -0.633100; 5.520500;,
0.222100; -0.654100; 5.537100;,
-0.222100; -0.654100; 5.537100;,
-0.239100; -0.633100; 5.520600;,
-0.222800; -0.654400; 5.522300;,
0.239100; -0.633100; 5.520500;,
0.222800; -0.654400; 5.522300;,
0.221100; -0.648300; 5.506100;,
-0.221100; -0.648300; 5.506100;,
-0.222800; -0.654400; 5.522300;,
-0.239100; -0.633100; 5.520600;,
0.106000; -0.688000; 5.524200;,
0.124500; -0.691400; 5.523200;,
0.125600; -0.690100; 5.538700;,
-0.125600; -0.690100; 5.538700;,
-0.124500; -0.691400; 5.523200;,
-0.106000; -0.688000; 5.524200;,
0.124500; -0.691400; 5.523200;,
0.106000; -0.688000; 5.524200;,
0.125000; -0.686200; 5.506600;,
-0.125000; -0.686200; 5.506600;,
-0.106000; -0.688000; 5.524200;,
-0.124500; -0.691400; 5.523200;,
0.125000; -0.686200; 5.506600;,
0.172600; -0.677500; 5.499500;,
0.173900; -0.683200; 5.523000;,
0.124500; -0.691400; 5.523200;,
-0.173900; -0.683200; 5.523000;,
-0.172600; -0.677500; 5.499500;,
-0.125000; -0.686200; 5.506600;,
-0.124500; -0.691400; 5.523200;,
0.125600; -0.690100; 5.538700;,
0.124500; -0.691400; 5.523200;,
0.173900; -0.683200; 5.523000;,
0.174400; -0.683600; 5.547300;,
-0.173900; -0.683200; 5.523000;,
-0.124500; -0.691400; 5.523200;,
-0.125600; -0.690100; 5.538700;,
-0.174400; -0.683600; 5.547300;,
0.222100; -0.654100; 5.537100;,
0.174400; -0.683600; 5.547300;,
0.173900; -0.683200; 5.523000;,
0.222800; -0.654400; 5.522300;,
-0.173900; -0.683200; 5.523000;,
-0.174400; -0.683600; 5.547300;,
-0.222100; -0.654100; 5.537100;,
-0.222800; -0.654400; 5.522300;,
0.221100; -0.648300; 5.506100;,
0.222800; -0.654400; 5.522300;,
0.173900; -0.683200; 5.523000;,
0.172600; -0.677500; 5.499500;,
-0.173900; -0.683200; 5.523000;,
-0.222800; -0.654400; 5.522300;,
-0.221100; -0.648300; 5.506100;,
-0.172600; -0.677500; 5.499500;,
0.289700; -0.168600; 5.099800;,
0.305100; -0.070400; 4.963600;,
0.307800; -0.009700; 4.990900;,
0.297400; -0.094200; 5.149200;,
-0.307800; -0.009700; 4.990900;,
-0.305100; -0.070400; 4.963600;,
-0.289700; -0.168600; 5.099800;,
-0.297400; -0.094200; 5.149200;,
0.287600; -0.248200; 5.194900;,
0.289700; -0.168600; 5.099800;,
0.297400; -0.094200; 5.149200;,
0.296300; -0.148800; 5.253600;,
-0.297400; -0.094200; 5.149200;,
-0.289700; -0.168600; 5.099800;,
-0.287600; -0.248200; 5.194900;,
-0.298300; -0.146100; 5.260300;,
0.198700; 0.109300; 5.203800;,
0.208200; 0.167400; 5.039400;,
0.108900; 0.208700; 5.052300;,
0.105500; 0.149200; 5.201700;,
-0.108900; 0.208700; 5.052300;,
-0.208200; 0.167400; 5.039400;,
-0.198100; 0.109300; 5.204100;,
-0.105800; 0.149100; 5.202300;,
0.204900; 0.116200; 5.323200;,
0.198700; 0.109300; 5.203800;,
0.105500; 0.149200; 5.201700;,
0.112800; 0.162800; 5.315500;,
-0.105800; 0.149100; 5.202300;,
-0.198100; 0.109300; 5.204100;,
-0.201100; 0.106600; 5.310400;,
-0.108600; 0.165900; 5.307100;,
0.293400; -0.228200; 6.027900;,
0.363800; -0.206800; 5.930000;,
0.344500; -0.022200; 5.910800;,
0.278000; -0.015100; 6.009400;,
-0.342200; -0.025900; 5.903400;,
-0.360800; -0.211000; 5.923200;,
-0.297100; -0.228300; 6.034700;,
-0.275200; -0.015400; 6.016900;,
0.278000; -0.015100; 6.009400;,
0.344500; -0.022200; 5.910800;,
0.300000; 0.174800; 5.813000;,
0.218400; 0.171000; 5.928000;,
-0.291700; 0.170600; 5.811600;,
-0.342200; -0.025900; 5.903400;,
-0.275200; -0.015400; 6.016900;,
-0.218600; 0.174600; 5.932100;,
0.182700; 0.293700; 5.755100;,
0.146000; 0.282000; 5.839400;,
0.218400; 0.171000; 5.928000;,
0.300000; 0.174800; 5.813000;,
-0.218600; 0.174600; 5.932100;,
-0.152800; 0.282600; 5.838100;,
-0.180700; 0.291000; 5.753800;,
-0.291700; 0.170600; 5.811600;,
0.312600; -0.591700; 5.730900;,
0.229000; -0.662300; 5.774100;,
0.209000; -0.698400; 5.659700;,
0.291900; -0.618300; 5.624300;,
-0.203200; -0.697600; 5.666400;,
-0.227900; -0.665000; 5.768100;,
-0.314600; -0.590900; 5.723700;,
-0.294600; -0.619900; 5.624400;,
0.287600; -0.248200; 5.194900;,
0.304500; -0.318200; 5.198600;,
0.232400; -0.381100; 5.081500;,
0.234100; -0.314800; 5.092100;,
-0.232400; -0.381100; 5.081500;,
-0.304500; -0.318200; 5.198600;,
-0.287600; -0.248200; 5.194900;,
-0.234100; -0.314800; 5.092100;,
0.153600; -0.442900; 5.001300;,
0.170000; -0.363700; 5.023400;,
0.234100; -0.314800; 5.092100;,
0.232400; -0.381100; 5.081500;,
-0.234100; -0.314800; 5.092100;,
-0.170000; -0.363700; 5.023400;,
-0.153600; -0.442900; 5.001300;,
-0.232400; -0.381100; 5.081500;,
0.220100; -0.190600; 4.865400;,
0.274300; -0.131000; 4.918300;,
0.254800; -0.228300; 5.045100;,
0.198400; -0.280700; 4.988700;,
-0.254800; -0.228300; 5.045100;,
-0.274300; -0.131000; 4.918300;,
-0.220100; -0.190600; 4.865400;,
-0.198400; -0.280700; 4.988700;,
0.274300; -0.131000; 4.918300;,
0.305100; -0.070400; 4.963600;,
0.289700; -0.168600; 5.099800;,
0.254800; -0.228300; 5.045100;,
-0.289700; -0.168600; 5.099800;,
-0.305100; -0.070400; 4.963600;,
-0.274300; -0.131000; 4.918300;,
-0.254800; -0.228300; 5.045100;,
0.198400; -0.280700; 4.988700;,
0.254800; -0.228300; 5.045100;,
0.234100; -0.314800; 5.092100;,
0.170000; -0.363700; 5.023400;,
-0.234100; -0.314800; 5.092100;,
-0.254800; -0.228300; 5.045100;,
-0.198400; -0.280700; 4.988700;,
-0.170000; -0.363700; 5.023400;,
0.254800; -0.228300; 5.045100;,
0.289700; -0.168600; 5.099800;,
0.287600; -0.248200; 5.194900;,
0.234100; -0.314800; 5.092100;,
-0.287600; -0.248200; 5.194900;,
-0.289700; -0.168600; 5.099800;,
-0.254800; -0.228300; 5.045100;,
-0.234100; -0.314800; 5.092100;,
0.283400; -0.565200; 5.175000;,
0.212800; -0.663000; 5.188400;,
0.182100; -0.653600; 5.117000;,
0.219900; -0.596300; 5.091900;,
-0.182100; -0.653600; 5.117000;,
-0.212800; -0.663000; 5.188400;,
-0.283400; -0.565200; 5.175000;,
-0.219900; -0.596300; 5.091900;,
0.343500; -0.528700; 5.613300;,
0.291900; -0.618300; 5.624300;,
0.310600; -0.570700; 5.519100;,
0.353300; -0.501700; 5.513500;,
-0.311200; -0.570600; 5.523600;,
-0.294600; -0.619900; 5.624400;,
-0.344700; -0.525800; 5.614400;,
-0.353400; -0.501500; 5.514000;,
0.291900; -0.618300; 5.624300;,
0.343500; -0.528700; 5.613300;,
0.312600; -0.591700; 5.730900;,
-0.314600; -0.590900; 5.723700;,
-0.344700; -0.525800; 5.614400;,
-0.294600; -0.619900; 5.624400;,
0.110200; -0.671600; 5.067600;,
0.132600; -0.635900; 5.022300;,
0.219900; -0.596300; 5.091900;,
0.182100; -0.653600; 5.117000;,
-0.219900; -0.596300; 5.091900;,
-0.132600; -0.635900; 5.022300;,
-0.110200; -0.671600; 5.067600;,
-0.182100; -0.653600; 5.117000;,
0.274800; -0.625500; 5.404400;,
0.347700; -0.512400; 5.406300;,
0.353300; -0.501700; 5.513500;,
0.310600; -0.570700; 5.519100;,
-0.353400; -0.501500; 5.514000;,
-0.347700; -0.512400; 5.406300;,
-0.274800; -0.625500; 5.404400;,
-0.311200; -0.570600; 5.523600;,
0.266700; 0.114000; 5.022500;,
0.208200; 0.167400; 5.039400;,
0.198700; 0.109300; 5.203800;,
0.253000; 0.053800; 5.193600;,
-0.198100; 0.109300; 5.204100;,
-0.208200; 0.167400; 5.039400;,
-0.266700; 0.114000; 5.022500;,
-0.253200; 0.053600; 5.193100;,
0.204900; 0.116200; 5.323200;,
0.260600; 0.027900; 5.319400;,
0.253000; 0.053800; 5.193600;,
0.198700; 0.109300; 5.203800;,
-0.253200; 0.053600; 5.193100;,
-0.264100; 0.032000; 5.316700;,
-0.201100; 0.106600; 5.310400;,
-0.198100; 0.109300; 5.204100;,
0.363800; -0.206800; 5.930000;,
0.403600; -0.200200; 5.800300;,
0.392200; -0.029500; 5.776300;,
0.344500; -0.022200; 5.910800;,
-0.388400; -0.030300; 5.776400;,
-0.406500; -0.195900; 5.805900;,
-0.360800; -0.211000; 5.923200;,
-0.342200; -0.025900; 5.903400;,
0.344500; -0.022200; 5.910800;,
0.392200; -0.029500; 5.776300;,
0.300000; 0.174800; 5.813000;,
-0.291700; 0.170600; 5.811600;,
-0.388400; -0.030300; 5.776400;,
-0.342200; -0.025900; 5.903400;,
0.300000; 0.174800; 5.813000;,
0.392200; -0.029500; 5.776300;,
0.379000; 0.064800; 5.652700;,
0.290300; 0.211700; 5.680000;,
-0.376400; 0.067100; 5.656000;,
-0.388400; -0.030300; 5.776400;,
-0.291700; 0.170600; 5.811600;,
-0.286600; 0.217600; 5.675600;,
0.355200; 0.082800; 5.544300;,
0.260600; 0.233900; 5.550500;,
0.290300; 0.211700; 5.680000;,
0.379000; 0.064800; 5.652700;,
-0.286600; 0.217600; 5.675600;,
-0.260500; 0.227000; 5.561200;,
-0.357000; 0.095600; 5.546900;,
-0.376400; 0.067100; 5.656000;,
0.260600; 0.233900; 5.550500;,
0.355200; 0.082800; 5.544300;,
0.310500; 0.070700; 5.435600;,
0.220000; 0.194800; 5.439600;,
-0.307000; 0.079900; 5.437000;,
-0.357000; 0.095600; 5.546900;,
-0.260500; 0.227000; 5.561200;,
-0.237300; 0.191100; 5.450400;,
0.312900; -0.465100; 5.173400;,
0.283400; -0.565200; 5.175000;,
0.219900; -0.596300; 5.091900;,
0.238100; -0.519300; 5.070700;,
-0.219900; -0.596300; 5.091900;,
-0.283400; -0.565200; 5.175000;,
-0.312900; -0.465100; 5.173400;,
-0.238100; -0.519300; 5.070700;,
0.375600; -0.444700; 5.618400;,
0.343500; -0.528700; 5.613300;,
0.353300; -0.501700; 5.513500;,
0.389300; -0.418800; 5.504200;,
-0.353400; -0.501500; 5.514000;,
-0.344700; -0.525800; 5.614400;,
-0.375400; -0.448300; 5.612200;,
-0.385200; -0.408400; 5.508000;,
0.132600; -0.635900; 5.022300;,
0.136200; -0.585100; 4.985400;,
0.238100; -0.519300; 5.070700;,
0.219900; -0.596300; 5.091900;,
-0.238100; -0.519300; 5.070700;,
-0.136200; -0.585100; 4.985400;,
-0.132600; -0.635900; 5.022300;,
-0.219900; -0.596300; 5.091900;,
0.347700; -0.512400; 5.406300;,
0.380200; -0.413700; 5.405600;,
0.389300; -0.418800; 5.504200;,
0.353300; -0.501700; 5.513500;,
-0.385200; -0.408400; 5.508000;,
-0.381200; -0.411500; 5.411800;,
-0.347700; -0.512400; 5.406300;,
-0.353400; -0.501500; 5.514000;,
0.290300; 0.211700; 5.680000;,
0.260600; 0.233900; 5.550500;,
0.111500; 0.308800; 5.544000;,
0.166400; 0.304000; 5.659900;,
-0.115300; 0.312500; 5.568800;,
-0.260500; 0.227000; 5.561200;,
-0.286600; 0.217600; 5.675600;,
-0.171100; 0.304500; 5.658700;,
0.300000; 0.174800; 5.813000;,
0.290300; 0.211700; 5.680000;,
0.166400; 0.304000; 5.659900;,
0.182700; 0.293700; 5.755100;,
-0.171100; 0.304500; 5.658700;,
-0.286600; 0.217600; 5.675600;,
-0.291700; 0.170600; 5.811600;,
-0.180700; 0.291000; 5.753800;,
0.260600; 0.233900; 5.550500;,
0.220000; 0.194800; 5.439600;,
0.110200; 0.271900; 5.452800;,
0.111500; 0.308800; 5.544000;,
-0.120000; 0.266000; 5.446000;,
-0.237300; 0.191100; 5.450400;,
-0.260500; 0.227000; 5.561200;,
-0.115300; 0.312500; 5.568800;,
0.105500; 0.149200; 5.201700;,
0.108900; 0.208700; 5.052300;,
0.000000; 0.227900; 5.062100;,
-0.000100; 0.167500; 5.201700;,
0.000000; 0.227900; 5.062100;,
-0.108900; 0.208700; 5.052300;,
-0.105800; 0.149100; 5.202300;,
-0.000100; 0.167500; 5.201700;,
0.112800; 0.162800; 5.315500;,
0.105500; 0.149200; 5.201700;,
-0.000100; 0.167500; 5.201700;,
-0.000300; 0.183900; 5.302900;,
-0.000100; 0.167500; 5.201700;,
-0.105800; 0.149100; 5.202300;,
-0.108600; 0.165900; 5.307100;,
-0.000300; 0.183900; 5.302900;,
0.110200; 0.271900; 5.452800;,
0.015000; 0.295600; 5.440200;,
0.014700; 0.318200; 5.535000;,
0.111500; 0.308800; 5.544000;,
0.014700; 0.318200; 5.535000;,
0.015000; 0.295600; 5.440200;,
-0.120000; 0.266000; 5.446000;,
-0.115300; 0.312500; 5.568800;,
0.159400; -0.238400; 4.825700;,
0.220100; -0.190600; 4.865400;,
0.198400; -0.280700; 4.988700;,
0.132300; -0.319700; 4.941400;,
-0.198400; -0.280700; 4.988700;,
-0.220100; -0.190600; 4.865400;,
-0.159400; -0.238400; 4.825700;,
-0.132300; -0.319700; 4.941400;,
0.132300; -0.319700; 4.941400;,
0.198400; -0.280700; 4.988700;,
0.170000; -0.363700; 5.023400;,
0.110400; -0.394500; 4.978000;,
-0.170000; -0.363700; 5.023400;,
-0.198400; -0.280700; 4.988700;,
-0.132300; -0.319700; 4.941400;,
-0.110400; -0.394500; 4.978000;,
0.207000; -0.243200; 6.100500;,
0.293400; -0.228200; 6.027900;,
0.278000; -0.015100; 6.009400;,
0.192900; -0.014100; 6.098000;,
-0.275200; -0.015400; 6.016900;,
-0.297100; -0.228300; 6.034700;,
-0.215400; -0.243700; 6.110300;,
-0.196900; -0.009200; 6.104000;,
0.192900; -0.014100; 6.098000;,
0.278000; -0.015100; 6.009400;,
0.218400; 0.171000; 5.928000;,
0.143300; 0.160000; 6.000000;,
-0.218600; 0.174600; 5.932100;,
-0.275200; -0.015400; 6.016900;,
-0.196900; -0.009200; 6.104000;,
-0.150300; 0.178000; 6.016200;,
0.146000; 0.282000; 5.839400;,
0.094700; 0.267500; 5.887200;,
0.143300; 0.160000; 6.000000;,
0.218400; 0.171000; 5.928000;,
-0.150300; 0.178000; 6.016200;,
-0.099100; 0.271700; 5.900600;,
-0.152800; 0.282600; 5.838100;,
-0.218600; 0.174600; 5.932100;,
0.229000; -0.662300; 5.774100;,
